// Created by Crowbar 0.67
version 1
nodes
  0 "nw4r_root" -1
  1 "char_root" 0
  2 "base" 1
  3 "j_koshi" 2
  4 "c_sippo" 3
  5 "j_sippo" 4
  6 "j_sippo_A" 5
  7 "j_sippo_B" 6
  8 "j_sippo_C" 7
  9 "j_sippo_D" 8
  10 "j_sippo_E" 9
  11 "j_sippo_F" 10
  12 "j_sippo_G" 11
  13 "j_momo_L" 3
  14 "j_hiza_L" 13
  15 "j_ashi_L" 14
  16 "j_tuma_L" 15
  17 "j_ashi_ko_L" 16
  18 "j_ashi_naka_L" 16
  19 "j_ashi_oya_L" 16
  20 "j_momo_R" 3
  21 "j_hiza_R" 20
  22 "j_ashi_R" 21
  23 "j_tuma_R" 22
  24 "j_ashi_ko_R" 23
  25 "j_ashi_naka_R" 23
  26 "j_ashi_oya_R" 23
  27 "j_mune" 2
  28 "j_DW_ago_L" 27
  29 "j_DW_ago_AD_L" 28
  30 "j_DW_ago_BD_L" 29
  31 "j_DW_ago_AU_L" 28
  32 "j_DW_ago_BU_L" 31
  33 "j_DW_ago_R" 27
  34 "j_DW_ago_AD_R" 33
  35 "j_DW_ago_BD_R" 34
  36 "j_DW_ago_AU_R" 33
  37 "j_DW_ago_BU_R" 36
  38 "j_atama" 27
  39 "j_naka_ago_A" 38
  40 "j_naka_ago_B" 39
  41 "j_sita_ago_A" 38
  42 "j_sita_ago_B" 41
  43 "j_ue_ago_A" 38
  44 "j_ue_ago_B" 43
  45 "j_kata_L" 27
  46 "j_hiji_L" 45
  47 "j_te_A_L" 46
  48 "j_te_B_L" 47
  49 "j_te_ko_L" 48
  50 "j_te_naka_L" 48
  51 "j_te_oya_L" 48
  52 "j_kata_R" 27
  53 "j_hiji_R" 52
  54 "j_te_A_R" 53
  55 "j_te_B_R" 54
  56 "j_te_ko_R" 55
  57 "j_te_naka_R" 55
  58 "j_te_oya_R" 55
  59 "j_purop_L" 27
  60 "j_purop_R" 27
end
skeleton
  time 0
    0 0.000000 0.000000 0.000000 1.570796 0.000000 0.000000
    1 0.000000 0.000000 0.000000 0.000000 0.000000 0.000000
    2 0.000000 10.113336 7.130801 0.000000 0.000000 0.000000
    3 0.000000 0.000000 0.000000 0.000000 0.000000 0.000000
    4 0.000000 -5.787102 1.139405 0.000000 0.000000 0.000000
    5 0.000000 0.000000 0.000000 0.000000 0.000000 0.000000
    6 0.000000 -3.159409 0.000001 0.000000 0.000000 0.000000
    7 0.000000 -3.159409 0.000001 0.000000 0.000000 0.000000
    8 0.000000 -3.159409 0.000001 0.000000 0.000000 0.000000
    9 0.000000 -3.159410 0.000001 0.000000 0.000000 0.000000
    10 0.000000 -3.159409 0.000001 0.000000 0.000000 0.000000
    11 0.000000 -3.159409 0.000001 0.000000 0.000000 0.000000
    12 0.000000 -3.159410 0.000001 0.000000 0.000000 0.000000
    13 -5.043576 -2.507338 -1.474573 -1.570796 1.056345 -1.570796
    14 2.984131 0.000001 0.000001 0.000000 0.000000 -1.449359
    15 3.219863 0.000004 0.000001 0.000000 -1.570796 1.963810
    16 0.000000 -1.014032 -0.905030 0.000001 0.000000 0.000000
    17 -1.000946 -0.110519 -0.749895 0.000000 0.311337 0.000000
    18 -0.061462 -0.110520 -0.873371 0.000000 0.000000 0.000000
    19 0.870374 -0.110521 -0.694913 0.000000 -0.274263 0.000000
    20 5.043580 -2.507339 -1.474570 -1.570796 1.056346 -1.570796
    21 2.984133 0.000001 0.000000 0.000000 0.000000 -1.449361
    22 3.219865 0.000000 0.000000 0.000000 -1.570796 1.963810
    23 0.000000 -1.014028 -0.905030 0.000001 0.000000 0.000000
    24 1.000939 -0.110520 -0.749900 3.141592 -0.311338 0.000000
    25 0.061460 -0.110520 -0.873370 3.141592 0.000000 0.000000
    26 -0.870380 -0.110520 -0.694920 3.141592 0.274263 0.000000
    27 0.000000 0.000000 0.000000 0.000000 0.000000 0.000000
    28 -2.814494 0.822923 -6.977900 0.000000 0.000000 0.000000
    29 0.551386 -0.330249 -1.616476 0.000000 0.000000 0.000000
    30 0.000000 -0.467232 -4.658189 0.000000 0.000000 0.000000
    31 0.551386 -0.330249 -1.616476 0.000000 0.000000 0.000000
    32 0.000000 -0.467232 -4.658189 0.000000 0.000000 0.000000
    33 2.814490 0.822960 -6.977900 0.000000 0.000000 0.000000
    34 -0.551380 -0.330299 -1.616473 0.000000 0.000000 0.000000
    35 0.000000 -0.467199 -4.658189 0.000000 0.000000 0.000000
    36 -0.551380 -0.330299 -1.616473 0.000000 0.000000 0.000000
    37 0.000000 -0.467199 -4.658189 0.000000 0.000000 0.000000
    38 0.000000 7.384631 -6.675650 0.000000 0.000000 0.000000
    39 0.000000 0.002548 -1.124207 -0.000001 0.000000 0.000000
    40 0.000000 0.000006 -4.569536 0.000000 0.000000 0.000000
    41 0.000000 -1.108234 -1.124207 0.000000 0.000000 0.000000
    42 0.000000 -0.000002 -4.569536 0.000000 0.000000 0.000000
    43 0.000000 1.214714 -1.581885 0.000000 0.000000 0.000000
    44 0.000000 -0.000002 -4.111856 0.000000 0.000000 0.000000
    45 -4.812375 1.090909 -2.491124 1.570797 1.483825 1.570797
    46 2.088669 0.000003 0.000000 0.000000 0.000000 -1.436180
    47 1.559713 0.000001 -0.000001 0.000000 -1.570796 1.840699
    48 0.000001 -1.014037 -0.905026 0.000000 0.000000 0.000000
    49 -1.000946 -0.110522 -0.749896 0.000000 0.311337 0.000000
    50 -0.061462 0.111974 -0.553898 0.003977 0.121055 0.049372
    51 0.870374 -0.008534 -0.410593 -0.038355 -0.145873 0.140917
    52 4.812370 1.090860 -2.491121 1.570797 1.483790 1.570797
    53 2.088681 -0.000001 0.000000 0.000000 0.000000 -1.436223
    54 1.559734 0.000004 0.000000 0.000000 -1.570796 -1.300886
    55 0.000000 1.014038 0.905027 0.000000 0.000000 0.000000
    56 1.000950 0.110518 0.749897 -0.000001 0.311337 0.000000
    57 0.061470 -0.111979 0.553898 0.003976 0.121056 0.049375
    58 -0.870370 0.008533 0.410591 -0.038355 -0.145874 0.140916
    59 -10.507993 15.091302 -2.639304 0.000000 0.000000 0.785398
    60 10.508000 15.091260 -2.639307 -3.141592 0.000000 -0.785398
end
triangles
S002C_07
  59 -5.050014 -1.330370 30.661245 -0.707107 0.000000 0.707107 0.542480 0.729980 1 59 1.000000
  59 -5.273058 3.159864 30.438204 -0.707107 0.000000 0.707107 0.338867 0.989746 1 59 1.000000
  59 -6.417274 1.331739 29.293989 -0.707107 0.000000 0.707107 0.319824 0.804443 1 59 1.000000
S002C_07
  59 -7.913659 5.316114 27.797602 -0.707107 0.000000 0.707107 0.028076 0.959716 1 59 1.000000
  59 -6.417274 1.331739 29.293989 -0.707107 0.000000 0.707107 0.319824 0.804443 1 59 1.000000
  59 -5.273058 3.159864 30.438204 -0.707107 0.000000 0.707107 0.338867 0.989746 1 59 1.000000
S002C_07
  59 -6.417274 1.331739 29.293989 -0.707107 0.000000 0.707107 0.319824 0.804443 1 59 1.000000
  59 -7.913659 5.316114 27.797602 -0.707107 0.000000 0.707107 0.028076 0.959716 1 59 1.000000
  59 -8.432250 2.977247 27.279011 -0.707107 0.000000 0.707107 0.086182 0.781860 1 59 1.000000
S002C_07
  59 -3.479741 -8.767870 32.231518 -0.707107 0.000000 0.707106 0.989624 0.393798 1 59 1.000000
  59 -5.050014 -7.766894 30.661245 -0.707107 0.000000 0.707106 0.809326 0.356201 1 59 1.000000
  59 -6.417273 -10.429003 29.293989 -0.707107 0.000000 0.707107 0.807373 0.121460 1 59 1.000000
S002C_07
  59 -6.417273 -10.429003 29.293989 -0.707107 0.000000 0.707107 0.807373 0.121460 1 59 1.000000
  59 -3.479741 -8.767870 32.231518 -0.707107 0.000000 0.707106 0.989624 0.393798 1 59 1.000000
  59 -5.050014 -7.766894 30.661245 -0.707107 0.000000 0.707106 0.809326 0.356201 1 59 1.000000
S002C_07
  59 -5.050014 -7.766894 30.661245 -0.707107 0.000000 0.707106 0.809326 0.356201 1 59 1.000000
  59 -3.479741 -8.767870 32.231518 -0.707107 0.000000 0.707106 0.989624 0.393798 1 59 1.000000
  59 -2.845830 -4.548144 32.865433 -0.707107 0.000000 0.707106 0.865112 0.680053 1 59 1.000000
S002C_07
  59 -2.845830 -4.548144 32.865433 -0.707107 0.000000 0.707106 0.865112 0.680053 1 59 1.000000
  59 -5.050014 -7.766894 30.661245 -0.707107 0.000000 0.707106 0.809326 0.356201 1 59 1.000000
  59 -3.479741 -8.767870 32.231518 -0.707107 0.000000 0.707106 0.989624 0.393798 1 59 1.000000
S002C_07
  59 -5.050014 -7.766894 30.661245 -0.707107 0.000000 0.707106 0.809326 0.356201 1 59 1.000000
  59 -2.845830 -4.548144 32.865433 -0.707107 0.000000 0.707106 0.865112 0.680053 1 59 1.000000
  59 -4.565950 -4.548144 31.145309 -0.707107 0.000000 0.707106 0.715576 0.571533 1 59 1.000000
S002C_07
  59 -2.845830 -4.548144 32.865433 -0.707107 0.000000 0.707106 0.865112 0.680053 1 59 1.000000
  59 -4.565950 -4.548144 31.145309 -0.707107 0.000000 0.707106 0.715576 0.571533 1 59 1.000000
  59 -5.050014 -7.766894 30.661245 -0.707107 0.000000 0.707106 0.809326 0.356201 1 59 1.000000
S002C_07
  59 -3.479741 -0.329394 32.231518 -0.707107 0.000000 0.707106 0.634888 0.890869 1 59 1.000000
  59 -4.565950 -4.548144 31.145309 -0.707107 0.000000 0.707106 0.715576 0.571533 1 59 1.000000
  59 -2.845830 -4.548144 32.865433 -0.707107 0.000000 0.707106 0.865112 0.680053 1 59 1.000000
S002C_07
  59 -4.565950 -4.548144 31.145309 -0.707107 0.000000 0.707106 0.715576 0.571533 1 59 1.000000
  59 -2.845830 -4.548144 32.865433 -0.707107 0.000000 0.707106 0.865112 0.680053 1 59 1.000000
  59 -3.479741 -0.329394 32.231518 -0.707107 0.000000 0.707106 0.634888 0.890869 1 59 1.000000
S002C_07
  59 -4.565950 -4.548144 31.145309 -0.707107 0.000000 0.707106 0.715576 0.571533 1 59 1.000000
  59 -3.479741 -0.329394 32.231518 -0.707107 0.000000 0.707106 0.634888 0.890869 1 59 1.000000
  59 -5.050014 -1.330370 30.661245 -0.707107 0.000000 0.707107 0.542480 0.729980 1 59 1.000000
S002C_07
  59 -3.479741 -0.329394 32.231518 -0.707107 0.000000 0.707106 0.634888 0.890869 1 59 1.000000
  59 -5.050014 -1.330370 30.661245 -0.707107 0.000000 0.707107 0.542480 0.729980 1 59 1.000000
  59 -4.565950 -4.548144 31.145309 -0.707107 0.000000 0.707106 0.715576 0.571533 1 59 1.000000
S002C_07
  59 -5.050014 -1.330370 30.661245 -0.707107 0.000000 0.707107 0.542480 0.729980 1 59 1.000000
  59 -3.479741 -0.329394 32.231518 -0.707107 0.000000 0.707106 0.634888 0.890869 1 59 1.000000
  59 -5.273058 3.159864 30.438204 -0.707107 0.000000 0.707107 0.338867 0.989746 1 59 1.000000
S002C_07
  59 -5.273058 3.159864 30.438204 -0.707107 0.000000 0.707107 0.338867 0.989746 1 59 1.000000
  59 -5.050014 -1.330370 30.661245 -0.707107 0.000000 0.707107 0.542480 0.729980 1 59 1.000000
  59 -3.479741 -0.329394 32.231518 -0.707107 0.000000 0.707106 0.634888 0.890869 1 59 1.000000
S002C_07
  59 -3.479741 -8.767870 32.231518 -0.707107 0.000000 0.707106 0.989624 0.393798 1 59 1.000000
  59 -6.417273 -10.429003 29.293989 -0.707107 0.000000 0.707107 0.807373 0.121460 1 59 1.000000
  59 -5.273058 -12.257128 30.438204 -0.707107 0.000000 0.707107 0.987061 0.081665 1 59 1.000000
S002C_07
  59 -6.417273 -10.429003 29.293989 -0.707107 0.000000 0.707107 0.807373 0.121460 1 59 1.000000
  59 -5.273058 -12.257128 30.438204 -0.707107 0.000000 0.707107 0.987061 0.081665 1 59 1.000000
  59 -3.479741 -8.767870 32.231518 -0.707107 0.000000 0.707106 0.989624 0.393798 1 59 1.000000
S002C_07
  60 16.114445 -10.645798 19.596771 -0.707107 0.000000 -0.707107 0.989624 0.393798 1 60 1.000000
  60 15.634523 -6.193648 20.076693 -0.707107 0.000000 -0.707107 0.807373 0.121460 1 60 1.000000
  60 17.354645 -6.705367 18.356573 -0.707107 0.000001 -0.707106 0.987061 0.081665 1 60 1.000000
S002C_07
  60 15.634523 -6.193648 20.076693 -0.707107 0.000000 -0.707107 0.807373 0.121460 1 60 1.000000
  60 16.114445 -10.645798 19.596771 -0.707107 0.000000 -0.707107 0.989624 0.393798 1 60 1.000000
  60 14.688492 -9.199508 21.022724 -0.707107 0.000000 -0.707107 0.809326 0.356201 1 60 1.000000
S002C_07
  60 13.847422 -13.531538 21.863794 -0.707107 0.000001 -0.707107 0.865112 0.680053 1 60 1.000000
  60 14.688492 -9.199508 21.022724 -0.707107 0.000000 -0.707107 0.809326 0.356201 1 60 1.000000
  60 16.114445 -10.645798 19.596771 -0.707107 0.000000 -0.707107 0.989624 0.393798 1 60 1.000000
S002C_07
  60 14.688492 -9.199508 21.022724 -0.707107 0.000000 -0.707107 0.809326 0.356201 1 60 1.000000
  60 13.847422 -13.531538 21.863794 -0.707107 0.000001 -0.707107 0.865112 0.680053 1 60 1.000000
  60 12.959396 -11.401657 22.751822 -0.707107 0.000001 -0.707107 0.715576 0.571533 1 60 1.000000
S002C_07
  60 10.947180 -14.864546 24.764038 -0.707107 0.000000 -0.707107 0.634888 0.890869 1 60 1.000000
  60 12.959396 -11.401657 22.751822 -0.707107 0.000001 -0.707107 0.715576 0.571533 1 60 1.000000
  60 13.847422 -13.531538 21.863794 -0.707107 0.000001 -0.707107 0.865112 0.680053 1 60 1.000000
S002C_07
  60 12.959396 -11.401657 22.751822 -0.707107 0.000001 -0.707107 0.715576 0.571533 1 60 1.000000
  60 10.947180 -14.864546 24.764038 -0.707107 0.000000 -0.707107 0.634888 0.890869 1 60 1.000000
  60 10.746235 -12.418258 24.964983 -0.707106 0.000000 -0.707107 0.542480 0.729980 1 60 1.000000
S002C_07
  60 7.913664 -14.413374 27.797554 -0.707107 0.000000 -0.707106 0.338867 0.989746 1 60 1.000000
  60 10.746235 -12.418258 24.964983 -0.707106 0.000000 -0.707107 0.542480 0.729980 1 60 1.000000
  60 10.947180 -14.864546 24.764038 -0.707107 0.000000 -0.707107 0.634888 0.890869 1 60 1.000000
S002C_07
  60 10.746235 -12.418258 24.964983 -0.707106 0.000000 -0.707107 0.542480 0.729980 1 60 1.000000
  60 7.913664 -14.413374 27.797554 -0.707107 0.000000 -0.707106 0.338867 0.989746 1 60 1.000000
  60 8.432256 -12.074508 27.278963 -0.707107 0.000000 -0.707106 0.319824 0.804443 1 60 1.000000
S002C_07
  60 5.273063 -12.257126 30.438156 -0.707107 0.000000 -0.707106 0.028076 0.959716 1 60 1.000000
  60 8.432256 -12.074508 27.278963 -0.707107 0.000000 -0.707106 0.319824 0.804443 1 60 1.000000
  60 7.913664 -14.413374 27.797554 -0.707107 0.000000 -0.707106 0.338867 0.989746 1 60 1.000000
S002C_07
  60 8.432256 -12.074508 27.278963 -0.707107 0.000000 -0.707106 0.319824 0.804443 1 60 1.000000
  60 5.273063 -12.257126 30.438156 -0.707107 0.000000 -0.707106 0.028076 0.959716 1 60 1.000000
  60 6.417276 -10.429000 29.293941 -0.707107 0.000000 -0.707107 0.086182 0.781860 1 60 1.000000
S002C_07
  59 -8.432250 2.977247 27.279011 0.707107 0.000000 -0.707107 0.086182 0.781860 1 59 1.000000
  59 -7.913659 5.316114 27.797602 0.707107 0.000000 -0.707106 0.028076 0.959716 1 59 1.000000
  59 -6.417274 1.331739 29.293989 0.707108 0.000000 -0.707106 0.319824 0.804443 1 59 1.000000
S002C_07
  59 -7.913659 5.316114 27.797602 0.707107 0.000000 -0.707106 0.028076 0.959716 1 59 1.000000
  59 -6.417274 1.331739 29.293989 0.707108 0.000000 -0.707106 0.319824 0.804443 1 59 1.000000
  59 -8.432250 2.977247 27.279011 0.707107 0.000000 -0.707107 0.086182 0.781860 1 59 1.000000
S002C_07
  59 -2.845830 -4.548144 32.865433 0.707107 0.000000 -0.707106 0.865112 0.680053 1 59 1.000000
  59 -4.565950 -4.548144 31.145309 0.707107 0.000000 -0.707106 0.715576 0.571533 1 59 1.000000
  59 -3.479741 -0.329394 32.231518 0.707107 0.000000 -0.707106 0.634888 0.890869 1 59 1.000000
S002C_07
  59 -3.479741 -0.329394 32.231518 0.707107 0.000000 -0.707106 0.634888 0.890869 1 59 1.000000
  59 -2.845830 -4.548144 32.865433 0.707107 0.000000 -0.707106 0.865112 0.680053 1 59 1.000000
  59 -4.565950 -4.548144 31.145309 0.707107 0.000000 -0.707106 0.715576 0.571533 1 59 1.000000
S002C_07
  59 -5.050014 -1.330370 30.661245 0.707107 0.000000 -0.707107 0.542480 0.729980 1 59 1.000000
  59 -3.479741 -0.329394 32.231518 0.707107 0.000000 -0.707106 0.634888 0.890869 1 59 1.000000
  59 -4.565950 -4.548144 31.145309 0.707107 0.000000 -0.707106 0.715576 0.571533 1 59 1.000000
S002C_07
  59 -3.479741 -0.329394 32.231518 0.707107 0.000000 -0.707106 0.634888 0.890869 1 59 1.000000
  59 -5.050014 -1.330370 30.661245 0.707107 0.000000 -0.707107 0.542480 0.729980 1 59 1.000000
  59 -5.273058 3.159864 30.438204 0.707107 0.000000 -0.707106 0.338867 0.989746 1 59 1.000000
S002C_07
  59 -6.417274 1.331739 29.293989 0.707108 0.000000 -0.707106 0.319824 0.804443 1 59 1.000000
  59 -5.273058 3.159864 30.438204 0.707107 0.000000 -0.707106 0.338867 0.989746 1 59 1.000000
  59 -5.050014 -1.330370 30.661245 0.707107 0.000000 -0.707107 0.542480 0.729980 1 59 1.000000
S002C_07
  59 -6.417274 1.331739 29.293989 0.707108 0.000000 -0.707106 0.319824 0.804443 1 59 1.000000
  59 -7.913659 5.316114 27.797602 0.707107 0.000000 -0.707106 0.028076 0.959716 1 59 1.000000
  59 -5.273058 3.159864 30.438204 0.707107 0.000000 -0.707106 0.338867 0.989746 1 59 1.000000
S002C_07
  59 -5.273058 3.159864 30.438204 0.707107 0.000000 -0.707106 0.338867 0.989746 1 59 1.000000
  59 -6.417274 1.331739 29.293989 0.707108 0.000000 -0.707106 0.319824 0.804443 1 59 1.000000
  59 -7.913659 5.316114 27.797602 0.707107 0.000000 -0.707106 0.028076 0.959716 1 59 1.000000
S002C_07
  59 -6.417273 -10.429003 29.293989 0.707107 0.000000 -0.707106 0.807373 0.121460 1 59 1.000000
  59 -3.479741 -8.767870 32.231518 0.707107 0.000000 -0.707106 0.989624 0.393798 1 59 1.000000
  59 -5.273058 -12.257128 30.438204 0.707107 0.000000 -0.707107 0.987061 0.081665 1 59 1.000000
S002C_07
  59 -3.479741 -8.767870 32.231518 0.707107 0.000000 -0.707106 0.989624 0.393798 1 59 1.000000
  59 -6.417273 -10.429003 29.293989 0.707107 0.000000 -0.707106 0.807373 0.121460 1 59 1.000000
  59 -5.050014 -7.766894 30.661245 0.707107 0.000000 -0.707106 0.809326 0.356201 1 59 1.000000
S002C_07
  59 -2.845830 -4.548144 32.865433 0.707107 0.000000 -0.707106 0.865112 0.680053 1 59 1.000000
  59 -3.479741 -8.767870 32.231518 0.707107 0.000000 -0.707106 0.989624 0.393798 1 59 1.000000
  59 -5.050014 -7.766894 30.661245 0.707107 0.000000 -0.707106 0.809326 0.356201 1 59 1.000000
S002C_07
  59 -4.565950 -4.548144 31.145309 0.707107 0.000000 -0.707106 0.715576 0.571533 1 59 1.000000
  59 -2.845830 -4.548144 32.865433 0.707107 0.000000 -0.707106 0.865112 0.680053 1 59 1.000000
  59 -5.050014 -7.766894 30.661245 0.707107 0.000000 -0.707106 0.809326 0.356201 1 59 1.000000
S002C_07
  59 -2.845830 -4.548144 32.865433 0.707107 0.000000 -0.707106 0.865112 0.680053 1 59 1.000000
  59 -5.050014 -7.766894 30.661245 0.707107 0.000000 -0.707106 0.809326 0.356201 1 59 1.000000
  59 -4.565950 -4.548144 31.145309 0.707107 0.000000 -0.707106 0.715576 0.571533 1 59 1.000000
S002C_07
  59 -5.050014 -7.766894 30.661245 0.707107 0.000000 -0.707106 0.809326 0.356201 1 59 1.000000
  59 -2.845830 -4.548144 32.865433 0.707107 0.000000 -0.707106 0.865112 0.680053 1 59 1.000000
  59 -3.479741 -8.767870 32.231518 0.707107 0.000000 -0.707106 0.989624 0.393798 1 59 1.000000
S002C_07
  60 8.432257 2.977250 27.278963 0.707106 0.000000 0.707108 0.086182 0.781860 1 60 1.000000
  60 7.913664 5.316117 27.797554 0.707106 0.000000 0.707107 0.028076 0.959716 1 60 1.000000
  60 6.417276 1.331742 29.293941 0.707106 0.000000 0.707107 0.319824 0.804443 1 60 1.000000
S002C_07
  60 7.913664 5.316117 27.797554 0.707106 0.000000 0.707107 0.028076 0.959716 1 60 1.000000
  60 6.417276 1.331742 29.293941 0.707106 0.000000 0.707107 0.319824 0.804443 1 60 1.000000
  60 8.432257 2.977250 27.278963 0.707106 0.000000 0.707108 0.086182 0.781860 1 60 1.000000
S002C_07
  60 6.417276 1.331742 29.293941 0.707106 0.000000 0.707107 0.319824 0.804443 1 60 1.000000
  60 5.273063 3.159865 30.438156 0.707107 0.000000 0.707107 0.338867 0.989746 1 60 1.000000
  60 5.050022 -1.330367 30.661198 0.707107 0.000000 0.707107 0.542480 0.729980 1 60 1.000000
S002C_07
  60 6.417276 1.331742 29.293941 0.707106 0.000000 0.707107 0.319824 0.804443 1 60 1.000000
  60 7.913664 5.316117 27.797554 0.707106 0.000000 0.707107 0.028076 0.959716 1 60 1.000000
  60 5.273063 3.159865 30.438156 0.707107 0.000000 0.707107 0.338867 0.989746 1 60 1.000000
S002C_07
  60 5.273063 3.159865 30.438156 0.707107 0.000000 0.707107 0.338867 0.989746 1 60 1.000000
  60 6.417276 1.331742 29.293941 0.707106 0.000000 0.707107 0.319824 0.804443 1 60 1.000000
  60 7.913664 5.316117 27.797554 0.707106 0.000000 0.707107 0.028076 0.959716 1 60 1.000000
S002C_07
  60 5.050022 -1.330367 30.661198 0.707107 0.000000 0.707107 0.542480 0.729980 1 60 1.000000
  60 3.479748 -0.329391 32.231472 0.707107 0.000000 0.707106 0.634888 0.890869 1 60 1.000000
  60 4.565956 -4.548141 31.145262 0.707106 0.000000 0.707107 0.715576 0.571533 1 60 1.000000
S002C_07
  60 3.479748 -0.329391 32.231472 0.707107 0.000000 0.707106 0.634888 0.890869 1 60 1.000000
  60 5.050022 -1.330367 30.661198 0.707107 0.000000 0.707107 0.542480 0.729980 1 60 1.000000
  60 5.273063 3.159865 30.438156 0.707107 0.000000 0.707107 0.338867 0.989746 1 60 1.000000
S002C_07
  60 3.479748 -0.329391 32.231472 0.707107 0.000000 0.707106 0.634888 0.890869 1 60 1.000000
  60 2.845835 -4.548141 32.865379 0.707107 0.000000 0.707107 0.865112 0.680053 1 60 1.000000
  60 4.565956 -4.548141 31.145262 0.707106 0.000000 0.707107 0.715576 0.571533 1 60 1.000000
S002C_07
  60 2.845835 -4.548141 32.865379 0.707107 0.000000 0.707107 0.865112 0.680053 1 60 1.000000
  60 4.565956 -4.548141 31.145262 0.707106 0.000000 0.707107 0.715576 0.571533 1 60 1.000000
  60 3.479748 -0.329391 32.231472 0.707107 0.000000 0.707106 0.634888 0.890869 1 60 1.000000
S002C_07
  60 2.845835 -4.548141 32.865379 0.707107 0.000000 0.707107 0.865112 0.680053 1 60 1.000000
  60 5.050020 -7.766891 30.661198 0.707106 0.000000 0.707108 0.809326 0.356201 1 60 1.000000
  60 4.565956 -4.548141 31.145262 0.707106 0.000000 0.707107 0.715576 0.571533 1 60 1.000000
S002C_07
  60 4.565956 -4.548141 31.145262 0.707106 0.000000 0.707107 0.715576 0.571533 1 60 1.000000
  60 2.845835 -4.548141 32.865379 0.707107 0.000000 0.707107 0.865112 0.680053 1 60 1.000000
  60 5.050020 -7.766891 30.661198 0.707106 0.000000 0.707108 0.809326 0.356201 1 60 1.000000
S002C_07
  60 2.845835 -4.548141 32.865379 0.707107 0.000000 0.707107 0.865112 0.680053 1 60 1.000000
  60 3.479748 -8.767866 32.231472 0.707107 0.000000 0.707107 0.989624 0.393798 1 60 1.000000
  60 5.050020 -7.766891 30.661198 0.707106 0.000000 0.707108 0.809326 0.356201 1 60 1.000000
S002C_07
  60 5.050020 -7.766891 30.661198 0.707106 0.000000 0.707108 0.809326 0.356201 1 60 1.000000
  60 2.845835 -4.548141 32.865379 0.707107 0.000000 0.707107 0.865112 0.680053 1 60 1.000000
  60 3.479748 -8.767866 32.231472 0.707107 0.000000 0.707107 0.989624 0.393798 1 60 1.000000
S002C_07
  60 3.479748 -8.767866 32.231472 0.707107 0.000000 0.707107 0.989624 0.393798 1 60 1.000000
  60 6.417276 -10.429000 29.293941 0.707107 0.000000 0.707107 0.807373 0.121460 1 60 1.000000
  60 5.050020 -7.766891 30.661198 0.707106 0.000000 0.707108 0.809326 0.356201 1 60 1.000000
S002C_07
  60 6.417276 -10.429000 29.293941 0.707107 0.000000 0.707107 0.807373 0.121460 1 60 1.000000
  60 3.479748 -8.767866 32.231472 0.707107 0.000000 0.707107 0.989624 0.393798 1 60 1.000000
  60 5.273063 -12.257126 30.438156 0.707107 0.000000 0.707107 0.987061 0.081665 1 60 1.000000
S002C_07
  59 -5.273058 -12.257128 30.438204 0.707107 0.000000 -0.707107 0.028076 0.959716 1 59 1.000000
  59 -8.432250 -12.074511 27.279011 0.707107 0.000000 -0.707107 0.319824 0.804443 1 59 1.000000
  59 -6.417273 -10.429003 29.293989 0.707107 0.000000 -0.707107 0.086182 0.781860 1 59 1.000000
S002C_07
  59 -8.432250 -12.074511 27.279011 0.707107 0.000000 -0.707107 0.319824 0.804443 1 59 1.000000
  59 -5.273058 -12.257128 30.438204 0.707107 0.000000 -0.707107 0.028076 0.959716 1 59 1.000000
  59 -7.913659 -14.413378 27.797602 0.707107 0.000000 -0.707107 0.338867 0.989746 1 59 1.000000
S002C_07
  59 -7.913659 -14.413378 27.797602 0.707107 0.000000 -0.707107 0.338867 0.989746 1 59 1.000000
  59 -10.746229 -12.418261 24.965031 0.707107 0.000000 -0.707107 0.542480 0.729980 1 59 1.000000
  59 -8.432250 -12.074511 27.279011 0.707107 0.000000 -0.707107 0.319824 0.804443 1 59 1.000000
S002C_07
  59 -10.746229 -12.418261 24.965031 0.707107 0.000000 -0.707107 0.542480 0.729980 1 59 1.000000
  59 -7.913659 -14.413378 27.797602 0.707107 0.000000 -0.707107 0.338867 0.989746 1 59 1.000000
  59 -10.947174 -14.864550 24.764086 0.707107 0.000000 -0.707107 0.634888 0.890869 1 59 1.000000
S002C_07
  59 -10.947174 -14.864550 24.764086 0.707107 0.000000 -0.707107 0.634888 0.890869 1 59 1.000000
  59 -12.959391 -11.401659 22.751869 0.707106 0.000000 -0.707107 0.715576 0.571533 1 59 1.000000
  59 -10.746229 -12.418261 24.965031 0.707107 0.000000 -0.707107 0.542480 0.729980 1 59 1.000000
S002C_07
  59 -12.959391 -11.401659 22.751869 0.707106 0.000000 -0.707107 0.715576 0.571533 1 59 1.000000
  59 -10.947174 -14.864550 24.764086 0.707107 0.000000 -0.707107 0.634888 0.890869 1 59 1.000000
  59 -13.847417 -13.531542 21.863842 0.707107 0.000001 -0.707107 0.865112 0.680053 1 59 1.000000
S002C_07
  59 -13.847417 -13.531542 21.863842 0.707107 0.000001 -0.707107 0.865112 0.680053 1 59 1.000000
  59 -14.688487 -9.199511 21.022772 0.707108 0.000000 -0.707106 0.809326 0.356201 1 59 1.000000
  59 -12.959391 -11.401659 22.751869 0.707106 0.000000 -0.707107 0.715576 0.571533 1 59 1.000000
S002C_07
  59 -14.688487 -9.199511 21.022772 0.707108 0.000000 -0.707106 0.809326 0.356201 1 59 1.000000
  59 -13.847417 -13.531542 21.863842 0.707107 0.000001 -0.707107 0.865112 0.680053 1 59 1.000000
  59 -16.114437 -10.645800 19.596819 0.707107 0.000000 -0.707107 0.989624 0.393798 1 59 1.000000
S002C_07
  59 -16.114437 -10.645800 19.596819 0.707107 0.000000 -0.707107 0.989624 0.393798 1 59 1.000000
  59 -15.634519 -6.193652 20.076740 0.707106 0.000000 -0.707107 0.807373 0.121460 1 59 1.000000
  59 -14.688487 -9.199511 21.022772 0.707108 0.000000 -0.707106 0.809326 0.356201 1 59 1.000000
S002C_07
  59 -15.634519 -6.193652 20.076740 0.707106 0.000000 -0.707107 0.807373 0.121460 1 59 1.000000
  59 -16.114437 -10.645800 19.596819 0.707107 0.000000 -0.707107 0.989624 0.393798 1 59 1.000000
  59 -17.354637 -6.705370 18.356621 0.707105 0.000000 -0.707108 0.987061 0.081665 1 59 1.000000
S002C_07
  59 -17.047352 -11.633104 18.663910 -0.707107 0.000000 0.707107 0.319824 0.804443 1 59 1.000000
  59 -15.849275 -18.427050 19.861984 -0.707107 0.000000 0.707107 0.028076 0.959716 1 59 1.000000
  59 -14.413654 -14.986620 21.297606 -0.707107 0.000000 0.707107 0.086182 0.781860 1 59 1.000000
S002C_07
  59 -15.849275 -18.427050 19.861984 -0.707107 0.000000 0.707107 0.028076 0.959716 1 59 1.000000
  59 -17.047352 -11.633104 18.663910 -0.707107 0.000000 0.707107 0.319824 0.804443 1 59 1.000000
  59 -19.350971 -13.968065 16.360287 -0.707107 0.000000 0.707107 0.338867 0.989746 1 59 1.000000
S002C_07
  59 -18.489187 -7.054980 17.222073 -0.707107 0.000000 0.707107 0.542480 0.729980 1 59 1.000000
  59 -19.350971 -13.968065 16.360287 -0.707107 0.000000 0.707107 0.338867 0.989746 1 59 1.000000
  59 -17.047352 -11.633104 18.663910 -0.707107 0.000000 0.707107 0.319824 0.804443 1 59 1.000000
S002C_07
  59 -19.350971 -13.968065 16.360287 -0.707107 0.000000 0.707107 0.338867 0.989746 1 59 1.000000
  59 -18.489187 -7.054980 17.222073 -0.707107 0.000000 0.707107 0.542480 0.729980 1 59 1.000000
  59 -21.267204 -7.880175 14.444055 -0.707107 0.000000 0.707107 0.634888 0.890869 1 59 1.000000
S002C_07
  59 -18.489185 -2.042284 17.222073 -0.707106 0.000000 0.707107 0.715576 0.571533 1 59 1.000000
  59 -21.267204 -7.880175 14.444055 -0.707107 0.000000 0.707107 0.634888 0.890869 1 59 1.000000
  59 -18.489187 -7.054980 17.222073 -0.707107 0.000000 0.707107 0.542480 0.729980 1 59 1.000000
S002C_07
  59 -21.267204 -7.880175 14.444055 -0.707107 0.000000 0.707107 0.634888 0.890869 1 59 1.000000
  59 -18.489185 -2.042284 17.222073 -0.707106 0.000000 0.707107 0.715576 0.571533 1 59 1.000000
  59 -21.267204 -1.217089 14.444057 -0.707107 0.000000 0.707107 0.865112 0.680053 1 59 1.000000
S002C_07
  59 -17.047352 2.535841 18.663908 -0.707107 0.000000 0.707107 0.809326 0.356201 1 59 1.000000
  59 -21.267204 -1.217089 14.444057 -0.707107 0.000000 0.707107 0.865112 0.680053 1 59 1.000000
  59 -18.489185 -2.042284 17.222073 -0.707106 0.000000 0.707107 0.715576 0.571533 1 59 1.000000
S002C_07
  59 -21.267204 -1.217089 14.444057 -0.707107 0.000000 0.707107 0.865112 0.680053 1 59 1.000000
  59 -17.047352 2.535841 18.663908 -0.707107 0.000000 0.707107 0.809326 0.356201 1 59 1.000000
  59 -19.350971 4.870801 16.360287 -0.707107 0.000000 0.707107 0.989624 0.393798 1 59 1.000000
S002C_07
  59 -14.413654 5.889357 21.297606 -0.707107 0.000000 0.707107 0.807373 0.121460 1 59 1.000000
  59 -19.350971 4.870801 16.360287 -0.707107 0.000000 0.707107 0.989624 0.393798 1 59 1.000000
  59 -17.047352 2.535841 18.663908 -0.707107 0.000000 0.707107 0.809326 0.356201 1 59 1.000000
S002C_07
  59 -19.350971 4.870801 16.360287 -0.707107 0.000000 0.707107 0.989624 0.393798 1 59 1.000000
  59 -14.413654 5.889357 21.297606 -0.707107 0.000000 0.707107 0.807373 0.121460 1 59 1.000000
  59 -15.849274 9.329786 19.861984 -0.707107 0.000000 0.707107 0.987061 0.081665 1 59 1.000000
S002C_07
  60 3.479748 -8.767866 32.231472 -0.707107 0.000000 -0.707106 0.989624 0.393798 1 60 1.000000
  60 6.417276 -10.429000 29.293941 -0.707107 0.000000 -0.707107 0.807373 0.121460 1 60 1.000000
  60 5.273063 -12.257126 30.438156 -0.707107 0.000000 -0.707107 0.987061 0.081665 1 60 1.000000
S002C_07
  60 6.417276 -10.429000 29.293941 -0.707107 0.000000 -0.707107 0.807373 0.121460 1 60 1.000000
  60 5.273063 -12.257126 30.438156 -0.707107 0.000000 -0.707107 0.987061 0.081665 1 60 1.000000
  60 3.479748 -8.767866 32.231472 -0.707107 0.000000 -0.707106 0.989624 0.393798 1 60 1.000000
S002C_07
  60 3.479748 -8.767866 32.231472 -0.707107 0.000000 -0.707106 0.989624 0.393798 1 60 1.000000
  60 5.050020 -7.766891 30.661198 -0.707108 -0.000001 -0.707106 0.809326 0.356201 1 60 1.000000
  60 6.417276 -10.429000 29.293941 -0.707107 0.000000 -0.707107 0.807373 0.121460 1 60 1.000000
S002C_07
  60 6.417276 -10.429000 29.293941 -0.707107 0.000000 -0.707107 0.807373 0.121460 1 60 1.000000
  60 3.479748 -8.767866 32.231472 -0.707107 0.000000 -0.707106 0.989624 0.393798 1 60 1.000000
  60 5.050020 -7.766891 30.661198 -0.707108 -0.000001 -0.707106 0.809326 0.356201 1 60 1.000000
S002C_07
  60 5.050020 -7.766891 30.661198 -0.707108 -0.000001 -0.707106 0.809326 0.356201 1 60 1.000000
  60 3.479748 -8.767866 32.231472 -0.707107 0.000000 -0.707106 0.989624 0.393798 1 60 1.000000
  60 2.845835 -4.548141 32.865379 -0.707107 -0.000001 -0.707106 0.865112 0.680053 1 60 1.000000
S002C_07
  60 2.845835 -4.548141 32.865379 -0.707107 -0.000001 -0.707106 0.865112 0.680053 1 60 1.000000
  60 5.050020 -7.766891 30.661198 -0.707108 -0.000001 -0.707106 0.809326 0.356201 1 60 1.000000
  60 3.479748 -8.767866 32.231472 -0.707107 0.000000 -0.707106 0.989624 0.393798 1 60 1.000000
S002C_07
  60 5.050020 -7.766891 30.661198 -0.707108 -0.000001 -0.707106 0.809326 0.356201 1 60 1.000000
  60 2.845835 -4.548141 32.865379 -0.707107 -0.000001 -0.707106 0.865112 0.680053 1 60 1.000000
  60 4.565956 -4.548141 31.145262 -0.707106 0.000000 -0.707107 0.715576 0.571533 1 60 1.000000
S002C_07
  60 2.845835 -4.548141 32.865379 -0.707107 -0.000001 -0.707106 0.865112 0.680053 1 60 1.000000
  60 4.565956 -4.548141 31.145262 -0.707106 0.000000 -0.707107 0.715576 0.571533 1 60 1.000000
  60 5.050020 -7.766891 30.661198 -0.707108 -0.000001 -0.707106 0.809326 0.356201 1 60 1.000000
S002C_07
  60 3.479748 -0.329391 32.231472 -0.707107 0.000000 -0.707106 0.634888 0.890869 1 60 1.000000
  60 4.565956 -4.548141 31.145262 -0.707106 0.000000 -0.707107 0.715576 0.571533 1 60 1.000000
  60 2.845835 -4.548141 32.865379 -0.707107 -0.000001 -0.707106 0.865112 0.680053 1 60 1.000000
S002C_07
  60 4.565956 -4.548141 31.145262 -0.707106 0.000000 -0.707107 0.715576 0.571533 1 60 1.000000
  60 2.845835 -4.548141 32.865379 -0.707107 -0.000001 -0.707106 0.865112 0.680053 1 60 1.000000
  60 3.479748 -0.329391 32.231472 -0.707107 0.000000 -0.707106 0.634888 0.890869 1 60 1.000000
S002C_07
  60 4.565956 -4.548141 31.145262 -0.707106 0.000000 -0.707107 0.715576 0.571533 1 60 1.000000
  60 3.479748 -0.329391 32.231472 -0.707107 0.000000 -0.707106 0.634888 0.890869 1 60 1.000000
  60 5.050022 -1.330367 30.661198 -0.707107 0.000000 -0.707107 0.542480 0.729980 1 60 1.000000
S002C_07
  60 3.479748 -0.329391 32.231472 -0.707107 0.000000 -0.707106 0.634888 0.890869 1 60 1.000000
  60 5.050022 -1.330367 30.661198 -0.707107 0.000000 -0.707107 0.542480 0.729980 1 60 1.000000
  60 4.565956 -4.548141 31.145262 -0.707106 0.000000 -0.707107 0.715576 0.571533 1 60 1.000000
S002C_07
  60 5.273063 3.159865 30.438156 -0.707107 0.000000 -0.707106 0.338867 0.989746 1 60 1.000000
  60 5.050022 -1.330367 30.661198 -0.707107 0.000000 -0.707107 0.542480 0.729980 1 60 1.000000
  60 3.479748 -0.329391 32.231472 -0.707107 0.000000 -0.707106 0.634888 0.890869 1 60 1.000000
S002C_07
  60 5.050022 -1.330367 30.661198 -0.707107 0.000000 -0.707107 0.542480 0.729980 1 60 1.000000
  60 3.479748 -0.329391 32.231472 -0.707107 0.000000 -0.707106 0.634888 0.890869 1 60 1.000000
  60 5.273063 3.159865 30.438156 -0.707107 0.000000 -0.707106 0.338867 0.989746 1 60 1.000000
S002C_07
  60 5.050022 -1.330367 30.661198 -0.707107 0.000000 -0.707107 0.542480 0.729980 1 60 1.000000
  60 5.273063 3.159865 30.438156 -0.707107 0.000000 -0.707106 0.338867 0.989746 1 60 1.000000
  60 6.417276 1.331742 29.293941 -0.707107 0.000000 -0.707107 0.319824 0.804443 1 60 1.000000
S002C_07
  60 7.913664 5.316117 27.797554 -0.707107 -0.000001 -0.707107 0.028076 0.959716 1 60 1.000000
  60 6.417276 1.331742 29.293941 -0.707107 0.000000 -0.707107 0.319824 0.804443 1 60 1.000000
  60 5.273063 3.159865 30.438156 -0.707107 0.000000 -0.707106 0.338867 0.989746 1 60 1.000000
S002C_07
  60 6.417276 1.331742 29.293941 -0.707107 0.000000 -0.707107 0.319824 0.804443 1 60 1.000000
  60 7.913664 5.316117 27.797554 -0.707107 -0.000001 -0.707107 0.028076 0.959716 1 60 1.000000
  60 8.432257 2.977250 27.278963 -0.707106 -0.000001 -0.707107 0.086182 0.781860 1 60 1.000000
S002C_07
  60 5.273063 -12.257126 30.438156 0.707107 0.000000 0.707107 0.028076 0.959716 1 60 1.000000
  60 8.432256 -12.074508 27.278963 0.707107 0.000000 0.707107 0.319824 0.804443 1 60 1.000000
  60 6.417276 -10.429000 29.293941 0.707107 0.000000 0.707107 0.086182 0.781860 1 60 1.000000
S002C_07
  60 8.432256 -12.074508 27.278963 0.707107 0.000000 0.707107 0.319824 0.804443 1 60 1.000000
  60 5.273063 -12.257126 30.438156 0.707107 0.000000 0.707107 0.028076 0.959716 1 60 1.000000
  60 7.913664 -14.413374 27.797554 0.707107 0.000000 0.707107 0.338867 0.989746 1 60 1.000000
S002C_07
  60 7.913664 -14.413374 27.797554 0.707107 0.000000 0.707107 0.338867 0.989746 1 60 1.000000
  60 10.746235 -12.418258 24.964983 0.707107 0.000000 0.707107 0.542480 0.729980 1 60 1.000000
  60 8.432256 -12.074508 27.278963 0.707107 0.000000 0.707107 0.319824 0.804443 1 60 1.000000
S002C_07
  60 10.746235 -12.418258 24.964983 0.707107 0.000000 0.707107 0.542480 0.729980 1 60 1.000000
  60 7.913664 -14.413374 27.797554 0.707107 0.000000 0.707107 0.338867 0.989746 1 60 1.000000
  60 10.947180 -14.864546 24.764038 0.707107 0.000000 0.707107 0.634888 0.890869 1 60 1.000000
S002C_07
  60 10.947180 -14.864546 24.764038 0.707107 0.000000 0.707107 0.634888 0.890869 1 60 1.000000
  60 12.959396 -11.401657 22.751822 0.707107 0.000000 0.707107 0.715576 0.571533 1 60 1.000000
  60 10.746235 -12.418258 24.964983 0.707107 0.000000 0.707107 0.542480 0.729980 1 60 1.000000
S002C_07
  60 12.959396 -11.401657 22.751822 0.707107 0.000000 0.707107 0.715576 0.571533 1 60 1.000000
  60 10.947180 -14.864546 24.764038 0.707107 0.000000 0.707107 0.634888 0.890869 1 60 1.000000
  60 13.847422 -13.531538 21.863794 0.707107 -0.000001 0.707107 0.865112 0.680053 1 60 1.000000
S002C_07
  60 13.847422 -13.531538 21.863794 0.707107 -0.000001 0.707107 0.865112 0.680053 1 60 1.000000
  60 14.688492 -9.199508 21.022724 0.707107 0.000000 0.707106 0.809326 0.356201 1 60 1.000000
  60 12.959396 -11.401657 22.751822 0.707107 0.000000 0.707107 0.715576 0.571533 1 60 1.000000
S002C_07
  60 14.688492 -9.199508 21.022724 0.707107 0.000000 0.707106 0.809326 0.356201 1 60 1.000000
  60 13.847422 -13.531538 21.863794 0.707107 -0.000001 0.707107 0.865112 0.680053 1 60 1.000000
  60 16.114445 -10.645798 19.596771 0.707107 0.000000 0.707107 0.989624 0.393798 1 60 1.000000
S002C_07
  60 16.114445 -10.645798 19.596771 0.707107 0.000000 0.707107 0.989624 0.393798 1 60 1.000000
  60 15.634523 -6.193648 20.076693 0.707107 0.000000 0.707106 0.807373 0.121460 1 60 1.000000
  60 14.688492 -9.199508 21.022724 0.707107 0.000000 0.707106 0.809326 0.356201 1 60 1.000000
S002C_07
  60 15.634523 -6.193648 20.076693 0.707107 0.000000 0.707106 0.807373 0.121460 1 60 1.000000
  60 16.114445 -10.645798 19.596771 0.707107 0.000000 0.707107 0.989624 0.393798 1 60 1.000000
  60 17.354645 -6.705367 18.356573 0.707107 -0.000001 0.707106 0.987061 0.081665 1 60 1.000000
S002C_07
  59 -1.629800 -4.548144 34.081459 0.707107 0.000000 -0.707106 0.807373 0.121460 1 59 1.000000
  59 0.169041 1.969434 35.880302 0.707107 0.000000 -0.707106 0.989624 0.393798 1 59 1.000000
  59 1.148218 -4.548144 36.859478 0.707107 0.000000 -0.707107 0.987061 0.081665 1 59 1.000000
S002C_07
  59 0.169041 1.969434 35.880302 0.707107 0.000000 -0.707106 0.989624 0.393798 1 59 1.000000
  59 -1.629800 -4.548144 34.081459 0.707107 0.000000 -0.707106 0.807373 0.121460 1 59 1.000000
  59 -2.366599 0.353223 33.344658 0.707108 0.000000 -0.707106 0.809326 0.356201 1 59 1.000000
S002C_07
  59 -2.366599 0.353223 33.344658 0.707108 0.000000 -0.707106 0.809326 0.356201 1 59 1.000000
  59 -2.600690 7.361036 33.110573 0.707107 0.000000 -0.707106 0.865112 0.680053 1 59 1.000000
  59 0.169041 1.969434 35.880302 0.707107 0.000000 -0.707106 0.989624 0.393798 1 59 1.000000
S002C_07
  59 -2.600690 7.361036 33.110573 0.707107 0.000000 -0.707106 0.865112 0.680053 1 59 1.000000
  59 -2.366599 0.353223 33.344658 0.707108 0.000000 -0.707106 0.809326 0.356201 1 59 1.000000
  59 -4.449939 4.407911 31.261320 0.707107 0.000000 -0.707107 0.715576 0.571533 1 59 1.000000
S002C_07
  59 -4.449939 4.407911 31.261320 0.707107 0.000000 -0.707107 0.715576 0.571533 1 59 1.000000
  59 -6.681746 10.692091 29.029514 0.707107 0.000000 -0.707106 0.634888 0.890869 1 59 1.000000
  59 -2.600690 7.361036 33.110573 0.707107 0.000000 -0.707106 0.865112 0.680053 1 59 1.000000
S002C_07
  59 -6.681746 10.692091 29.029514 0.707107 0.000000 -0.707106 0.634888 0.890869 1 59 1.000000
  59 -4.449939 4.407911 31.261320 0.707107 0.000000 -0.707107 0.715576 0.571533 1 59 1.000000
  59 -7.518673 6.914747 28.192587 0.707107 0.000000 -0.707107 0.542480 0.729980 1 59 1.000000
S002C_07
  59 -7.518673 6.914747 28.192587 0.707107 0.000000 -0.707107 0.542480 0.729980 1 59 1.000000
  59 -11.367709 11.389357 24.343550 0.707107 0.000000 -0.707107 0.338867 0.989746 1 59 1.000000
  59 -6.681746 10.692091 29.029514 0.707107 0.000000 -0.707106 0.634888 0.890869 1 59 1.000000
S002C_07
  59 -11.367709 11.389357 24.343550 0.707107 0.000000 -0.707107 0.338867 0.989746 1 59 1.000000
  59 -7.518673 6.914747 28.192587 0.707107 0.000000 -0.707107 0.542480 0.729980 1 59 1.000000
  59 -11.043159 7.438184 24.668100 0.707107 0.000000 -0.707107 0.319824 0.804443 1 59 1.000000
S002C_07
  59 -11.043159 7.438184 24.668100 0.707107 0.000000 -0.707107 0.319824 0.804443 1 59 1.000000
  59 -15.849274 9.329786 19.861984 0.707107 0.000000 -0.707107 0.028076 0.959716 1 59 1.000000
  59 -11.367709 11.389357 24.343550 0.707107 0.000000 -0.707107 0.338867 0.989746 1 59 1.000000
S002C_07
  59 -15.849274 9.329786 19.861984 0.707107 0.000000 -0.707107 0.028076 0.959716 1 59 1.000000
  59 -11.043159 7.438184 24.668100 0.707107 0.000000 -0.707107 0.319824 0.804443 1 59 1.000000
  59 -14.413654 5.889357 21.297606 0.707107 0.000000 -0.707107 0.086182 0.781860 1 59 1.000000
S002C_07
  59 1.148218 -4.548144 36.859478 0.707107 0.000000 -0.707107 0.028076 0.959716 1 59 1.000000
  59 -2.366598 -9.450487 33.344658 0.707107 0.000000 -0.707107 0.319824 0.804443 1 59 1.000000
  59 -1.629800 -4.548144 34.081459 0.707107 0.000000 -0.707107 0.086182 0.781860 1 59 1.000000
S002C_07
  59 -2.366598 -9.450487 33.344658 0.707107 0.000000 -0.707107 0.319824 0.804443 1 59 1.000000
  59 1.148218 -4.548144 36.859478 0.707107 0.000000 -0.707107 0.028076 0.959716 1 59 1.000000
  59 0.169041 -11.066698 35.880299 0.707107 0.000000 -0.707107 0.338867 0.989746 1 59 1.000000
S002C_07
  59 0.169041 -11.066698 35.880299 0.707107 0.000000 -0.707107 0.338867 0.989746 1 59 1.000000
  59 -4.449939 -13.505175 31.261320 0.707108 0.000000 -0.707106 0.542480 0.729980 1 59 1.000000
  59 -2.366598 -9.450487 33.344658 0.707107 0.000000 -0.707107 0.319824 0.804443 1 59 1.000000
S002C_07
  59 -4.449939 -13.505175 31.261320 0.707108 0.000000 -0.707106 0.542480 0.729980 1 59 1.000000
  59 0.169041 -11.066698 35.880299 0.707107 0.000000 -0.707107 0.338867 0.989746 1 59 1.000000
  59 -2.600690 -16.458300 33.110573 0.707107 0.000000 -0.707107 0.634888 0.890869 1 59 1.000000
S002C_07
  59 -2.600690 -16.458300 33.110573 0.707107 0.000000 -0.707107 0.634888 0.890869 1 59 1.000000
